{
 "cells": [
  {
   "cell_type": "markdown",
   "metadata": {},
   "source": [
    "## Question 3: What is the relationship between yr_built vs grade? \n",
    "### At What Age is Considered \"Desirablely Old\"?"
   ]
  },
  {
   "cell_type": "markdown",
   "metadata": {},
   "source": [
    "## Part 1: Import Libraries and Cleaned Dataset\n",
    "In this section, the necessary libraries, along with the cleaned dataset were imported. "
   ]
  },
  {
   "cell_type": "code",
   "execution_count": 33,
   "metadata": {},
   "outputs": [],
   "source": [
    "import numpy as np\n",
    "import pandas as pd\n",
    "import seaborn as sns\n",
    "import matplotlib.pyplot as plt\n",
    "%matplotlib inline"
   ]
  },
  {
   "cell_type": "code",
   "execution_count": 34,
   "metadata": {},
   "outputs": [
    {
     "data": {
      "text/html": [
       "<div>\n",
       "<style scoped>\n",
       "    .dataframe tbody tr th:only-of-type {\n",
       "        vertical-align: middle;\n",
       "    }\n",
       "\n",
       "    .dataframe tbody tr th {\n",
       "        vertical-align: top;\n",
       "    }\n",
       "\n",
       "    .dataframe thead th {\n",
       "        text-align: right;\n",
       "    }\n",
       "</style>\n",
       "<table border=\"1\" class=\"dataframe\">\n",
       "  <thead>\n",
       "    <tr style=\"text-align: right;\">\n",
       "      <th></th>\n",
       "      <th>date</th>\n",
       "      <th>price</th>\n",
       "      <th>bedrooms</th>\n",
       "      <th>bathrooms</th>\n",
       "      <th>sqft_living</th>\n",
       "      <th>sqft_lot</th>\n",
       "      <th>floors</th>\n",
       "      <th>waterfront</th>\n",
       "      <th>condition</th>\n",
       "      <th>grade</th>\n",
       "      <th>sqft_above</th>\n",
       "      <th>sqft_basement</th>\n",
       "      <th>yr_built</th>\n",
       "      <th>yr_renovated</th>\n",
       "      <th>zipcode</th>\n",
       "    </tr>\n",
       "  </thead>\n",
       "  <tbody>\n",
       "    <tr>\n",
       "      <td>0</td>\n",
       "      <td>10/13/2014</td>\n",
       "      <td>221900.0</td>\n",
       "      <td>3</td>\n",
       "      <td>1.00</td>\n",
       "      <td>1180</td>\n",
       "      <td>5650</td>\n",
       "      <td>1.0</td>\n",
       "      <td>0.0</td>\n",
       "      <td>3</td>\n",
       "      <td>7</td>\n",
       "      <td>1180</td>\n",
       "      <td>0.0</td>\n",
       "      <td>1955</td>\n",
       "      <td>0.0</td>\n",
       "      <td>98178</td>\n",
       "    </tr>\n",
       "    <tr>\n",
       "      <td>1</td>\n",
       "      <td>12/9/2014</td>\n",
       "      <td>538000.0</td>\n",
       "      <td>3</td>\n",
       "      <td>2.25</td>\n",
       "      <td>2570</td>\n",
       "      <td>7242</td>\n",
       "      <td>2.0</td>\n",
       "      <td>0.0</td>\n",
       "      <td>3</td>\n",
       "      <td>7</td>\n",
       "      <td>2170</td>\n",
       "      <td>400.0</td>\n",
       "      <td>1951</td>\n",
       "      <td>1991.0</td>\n",
       "      <td>98125</td>\n",
       "    </tr>\n",
       "    <tr>\n",
       "      <td>2</td>\n",
       "      <td>2/25/2015</td>\n",
       "      <td>180000.0</td>\n",
       "      <td>2</td>\n",
       "      <td>1.00</td>\n",
       "      <td>770</td>\n",
       "      <td>10000</td>\n",
       "      <td>1.0</td>\n",
       "      <td>0.0</td>\n",
       "      <td>3</td>\n",
       "      <td>6</td>\n",
       "      <td>770</td>\n",
       "      <td>0.0</td>\n",
       "      <td>1933</td>\n",
       "      <td>0.0</td>\n",
       "      <td>98028</td>\n",
       "    </tr>\n",
       "    <tr>\n",
       "      <td>3</td>\n",
       "      <td>12/9/2014</td>\n",
       "      <td>604000.0</td>\n",
       "      <td>4</td>\n",
       "      <td>3.00</td>\n",
       "      <td>1960</td>\n",
       "      <td>5000</td>\n",
       "      <td>1.0</td>\n",
       "      <td>0.0</td>\n",
       "      <td>5</td>\n",
       "      <td>7</td>\n",
       "      <td>1050</td>\n",
       "      <td>910.0</td>\n",
       "      <td>1965</td>\n",
       "      <td>0.0</td>\n",
       "      <td>98136</td>\n",
       "    </tr>\n",
       "    <tr>\n",
       "      <td>4</td>\n",
       "      <td>2/18/2015</td>\n",
       "      <td>510000.0</td>\n",
       "      <td>3</td>\n",
       "      <td>2.00</td>\n",
       "      <td>1680</td>\n",
       "      <td>8080</td>\n",
       "      <td>1.0</td>\n",
       "      <td>0.0</td>\n",
       "      <td>3</td>\n",
       "      <td>8</td>\n",
       "      <td>1680</td>\n",
       "      <td>0.0</td>\n",
       "      <td>1987</td>\n",
       "      <td>0.0</td>\n",
       "      <td>98074</td>\n",
       "    </tr>\n",
       "  </tbody>\n",
       "</table>\n",
       "</div>"
      ],
      "text/plain": [
       "         date     price  bedrooms  bathrooms  sqft_living  sqft_lot  floors  \\\n",
       "0  10/13/2014  221900.0         3       1.00         1180      5650     1.0   \n",
       "1   12/9/2014  538000.0         3       2.25         2570      7242     2.0   \n",
       "2   2/25/2015  180000.0         2       1.00          770     10000     1.0   \n",
       "3   12/9/2014  604000.0         4       3.00         1960      5000     1.0   \n",
       "4   2/18/2015  510000.0         3       2.00         1680      8080     1.0   \n",
       "\n",
       "   waterfront  condition  grade  sqft_above  sqft_basement  yr_built  \\\n",
       "0         0.0          3      7        1180            0.0      1955   \n",
       "1         0.0          3      7        2170          400.0      1951   \n",
       "2         0.0          3      6         770            0.0      1933   \n",
       "3         0.0          5      7        1050          910.0      1965   \n",
       "4         0.0          3      8        1680            0.0      1987   \n",
       "\n",
       "   yr_renovated  zipcode  \n",
       "0           0.0    98178  \n",
       "1        1991.0    98125  \n",
       "2           0.0    98028  \n",
       "3           0.0    98136  \n",
       "4           0.0    98074  "
      ]
     },
     "execution_count": 34,
     "metadata": {},
     "output_type": "execute_result"
    }
   ],
   "source": [
    "data = pd.read_csv('kc_house_data_cleaned.csv')\n",
    "df = pd.DataFrame(data)\n",
    "df.head()"
   ]
  },
  {
   "cell_type": "markdown",
   "metadata": {},
   "source": [
    "## Part 2: Exploratory Data Anaylsis\n",
    "In this section, we revist the correlations between the dependent and independent variables , and then more specifically we extract the variables that will be used to address the question above and inspect their relationships visually and statistically.\n",
    "\n"
   ]
  },
  {
   "cell_type": "code",
   "execution_count": 35,
   "metadata": {},
   "outputs": [
    {
     "data": {
      "text/html": [
       "<div>\n",
       "<style scoped>\n",
       "    .dataframe tbody tr th:only-of-type {\n",
       "        vertical-align: middle;\n",
       "    }\n",
       "\n",
       "    .dataframe tbody tr th {\n",
       "        vertical-align: top;\n",
       "    }\n",
       "\n",
       "    .dataframe thead th {\n",
       "        text-align: right;\n",
       "    }\n",
       "</style>\n",
       "<table border=\"1\" class=\"dataframe\">\n",
       "  <thead>\n",
       "    <tr style=\"text-align: right;\">\n",
       "      <th></th>\n",
       "      <th>price</th>\n",
       "      <th>bedrooms</th>\n",
       "      <th>bathrooms</th>\n",
       "      <th>sqft_living</th>\n",
       "      <th>sqft_lot</th>\n",
       "      <th>floors</th>\n",
       "      <th>waterfront</th>\n",
       "      <th>condition</th>\n",
       "      <th>grade</th>\n",
       "      <th>sqft_above</th>\n",
       "      <th>sqft_basement</th>\n",
       "      <th>yr_built</th>\n",
       "      <th>yr_renovated</th>\n",
       "      <th>zipcode</th>\n",
       "    </tr>\n",
       "  </thead>\n",
       "  <tbody>\n",
       "    <tr>\n",
       "      <td>price</td>\n",
       "      <td>1.000000</td>\n",
       "      <td>0.315961</td>\n",
       "      <td>0.525915</td>\n",
       "      <td>0.701929</td>\n",
       "      <td>0.089879</td>\n",
       "      <td>0.256820</td>\n",
       "      <td>0.264308</td>\n",
       "      <td>0.036031</td>\n",
       "      <td>0.667964</td>\n",
       "      <td>0.605392</td>\n",
       "      <td>0.321103</td>\n",
       "      <td>0.053965</td>\n",
       "      <td>0.117858</td>\n",
       "      <td>-0.053409</td>\n",
       "    </tr>\n",
       "    <tr>\n",
       "      <td>bedrooms</td>\n",
       "      <td>0.315961</td>\n",
       "      <td>1.000000</td>\n",
       "      <td>0.527870</td>\n",
       "      <td>0.593178</td>\n",
       "      <td>0.033602</td>\n",
       "      <td>0.183707</td>\n",
       "      <td>-0.002054</td>\n",
       "      <td>0.023440</td>\n",
       "      <td>0.366174</td>\n",
       "      <td>0.492543</td>\n",
       "      <td>0.303517</td>\n",
       "      <td>0.160736</td>\n",
       "      <td>0.018626</td>\n",
       "      <td>-0.158588</td>\n",
       "    </tr>\n",
       "    <tr>\n",
       "      <td>bathrooms</td>\n",
       "      <td>0.525915</td>\n",
       "      <td>0.527870</td>\n",
       "      <td>1.000000</td>\n",
       "      <td>0.755755</td>\n",
       "      <td>0.088368</td>\n",
       "      <td>0.502574</td>\n",
       "      <td>0.063628</td>\n",
       "      <td>-0.126443</td>\n",
       "      <td>0.665834</td>\n",
       "      <td>0.686664</td>\n",
       "      <td>0.278504</td>\n",
       "      <td>0.507166</td>\n",
       "      <td>0.047173</td>\n",
       "      <td>-0.204778</td>\n",
       "    </tr>\n",
       "    <tr>\n",
       "      <td>sqft_living</td>\n",
       "      <td>0.701929</td>\n",
       "      <td>0.593178</td>\n",
       "      <td>0.755755</td>\n",
       "      <td>1.000000</td>\n",
       "      <td>0.173449</td>\n",
       "      <td>0.353941</td>\n",
       "      <td>0.104635</td>\n",
       "      <td>-0.059397</td>\n",
       "      <td>0.762776</td>\n",
       "      <td>0.876448</td>\n",
       "      <td>0.428683</td>\n",
       "      <td>0.318140</td>\n",
       "      <td>0.051056</td>\n",
       "      <td>-0.199793</td>\n",
       "    </tr>\n",
       "    <tr>\n",
       "      <td>sqft_lot</td>\n",
       "      <td>0.089879</td>\n",
       "      <td>0.033602</td>\n",
       "      <td>0.088368</td>\n",
       "      <td>0.173449</td>\n",
       "      <td>1.000000</td>\n",
       "      <td>-0.004824</td>\n",
       "      <td>0.021458</td>\n",
       "      <td>-0.008806</td>\n",
       "      <td>0.114726</td>\n",
       "      <td>0.184134</td>\n",
       "      <td>0.015038</td>\n",
       "      <td>0.052939</td>\n",
       "      <td>0.004977</td>\n",
       "      <td>-0.129582</td>\n",
       "    </tr>\n",
       "    <tr>\n",
       "      <td>floors</td>\n",
       "      <td>0.256820</td>\n",
       "      <td>0.183707</td>\n",
       "      <td>0.502574</td>\n",
       "      <td>0.353941</td>\n",
       "      <td>-0.004824</td>\n",
       "      <td>1.000000</td>\n",
       "      <td>0.020794</td>\n",
       "      <td>-0.264013</td>\n",
       "      <td>0.458783</td>\n",
       "      <td>0.523970</td>\n",
       "      <td>-0.241845</td>\n",
       "      <td>0.489175</td>\n",
       "      <td>0.003785</td>\n",
       "      <td>-0.059522</td>\n",
       "    </tr>\n",
       "    <tr>\n",
       "      <td>waterfront</td>\n",
       "      <td>0.264308</td>\n",
       "      <td>-0.002054</td>\n",
       "      <td>0.063628</td>\n",
       "      <td>0.104635</td>\n",
       "      <td>0.021458</td>\n",
       "      <td>0.020794</td>\n",
       "      <td>1.000000</td>\n",
       "      <td>0.016659</td>\n",
       "      <td>0.082817</td>\n",
       "      <td>0.071776</td>\n",
       "      <td>0.083053</td>\n",
       "      <td>-0.024491</td>\n",
       "      <td>0.073938</td>\n",
       "      <td>0.028925</td>\n",
       "    </tr>\n",
       "    <tr>\n",
       "      <td>condition</td>\n",
       "      <td>0.036031</td>\n",
       "      <td>0.023440</td>\n",
       "      <td>-0.126443</td>\n",
       "      <td>-0.059397</td>\n",
       "      <td>-0.008806</td>\n",
       "      <td>-0.264013</td>\n",
       "      <td>0.016659</td>\n",
       "      <td>1.000000</td>\n",
       "      <td>-0.146854</td>\n",
       "      <td>-0.158826</td>\n",
       "      <td>0.168431</td>\n",
       "      <td>-0.361555</td>\n",
       "      <td>-0.055795</td>\n",
       "      <td>0.002835</td>\n",
       "    </tr>\n",
       "    <tr>\n",
       "      <td>grade</td>\n",
       "      <td>0.667964</td>\n",
       "      <td>0.366174</td>\n",
       "      <td>0.665834</td>\n",
       "      <td>0.762776</td>\n",
       "      <td>0.114726</td>\n",
       "      <td>0.458783</td>\n",
       "      <td>0.082817</td>\n",
       "      <td>-0.146854</td>\n",
       "      <td>1.000000</td>\n",
       "      <td>0.756069</td>\n",
       "      <td>0.165863</td>\n",
       "      <td>0.447854</td>\n",
       "      <td>0.015618</td>\n",
       "      <td>-0.185761</td>\n",
       "    </tr>\n",
       "    <tr>\n",
       "      <td>sqft_above</td>\n",
       "      <td>0.605392</td>\n",
       "      <td>0.492543</td>\n",
       "      <td>0.686664</td>\n",
       "      <td>0.876448</td>\n",
       "      <td>0.184134</td>\n",
       "      <td>0.523970</td>\n",
       "      <td>0.071776</td>\n",
       "      <td>-0.158826</td>\n",
       "      <td>0.756069</td>\n",
       "      <td>1.000000</td>\n",
       "      <td>-0.051149</td>\n",
       "      <td>0.424017</td>\n",
       "      <td>0.020637</td>\n",
       "      <td>-0.261557</td>\n",
       "    </tr>\n",
       "    <tr>\n",
       "      <td>sqft_basement</td>\n",
       "      <td>0.321103</td>\n",
       "      <td>0.303517</td>\n",
       "      <td>0.278504</td>\n",
       "      <td>0.428683</td>\n",
       "      <td>0.015038</td>\n",
       "      <td>-0.241845</td>\n",
       "      <td>0.083053</td>\n",
       "      <td>0.168431</td>\n",
       "      <td>0.165863</td>\n",
       "      <td>-0.051149</td>\n",
       "      <td>1.000000</td>\n",
       "      <td>-0.130063</td>\n",
       "      <td>0.065014</td>\n",
       "      <td>0.073257</td>\n",
       "    </tr>\n",
       "    <tr>\n",
       "      <td>yr_built</td>\n",
       "      <td>0.053965</td>\n",
       "      <td>0.160736</td>\n",
       "      <td>0.507166</td>\n",
       "      <td>0.318140</td>\n",
       "      <td>0.052939</td>\n",
       "      <td>0.489175</td>\n",
       "      <td>-0.024491</td>\n",
       "      <td>-0.361555</td>\n",
       "      <td>0.447854</td>\n",
       "      <td>0.424017</td>\n",
       "      <td>-0.130063</td>\n",
       "      <td>1.000000</td>\n",
       "      <td>-0.202565</td>\n",
       "      <td>-0.347199</td>\n",
       "    </tr>\n",
       "    <tr>\n",
       "      <td>yr_renovated</td>\n",
       "      <td>0.117858</td>\n",
       "      <td>0.018626</td>\n",
       "      <td>0.047173</td>\n",
       "      <td>0.051056</td>\n",
       "      <td>0.004977</td>\n",
       "      <td>0.003785</td>\n",
       "      <td>0.073938</td>\n",
       "      <td>-0.055795</td>\n",
       "      <td>0.015618</td>\n",
       "      <td>0.020637</td>\n",
       "      <td>0.065014</td>\n",
       "      <td>-0.202565</td>\n",
       "      <td>1.000000</td>\n",
       "      <td>0.062402</td>\n",
       "    </tr>\n",
       "    <tr>\n",
       "      <td>zipcode</td>\n",
       "      <td>-0.053409</td>\n",
       "      <td>-0.158588</td>\n",
       "      <td>-0.204778</td>\n",
       "      <td>-0.199793</td>\n",
       "      <td>-0.129582</td>\n",
       "      <td>-0.059522</td>\n",
       "      <td>0.028925</td>\n",
       "      <td>0.002835</td>\n",
       "      <td>-0.185761</td>\n",
       "      <td>-0.261557</td>\n",
       "      <td>0.073257</td>\n",
       "      <td>-0.347199</td>\n",
       "      <td>0.062402</td>\n",
       "      <td>1.000000</td>\n",
       "    </tr>\n",
       "  </tbody>\n",
       "</table>\n",
       "</div>"
      ],
      "text/plain": [
       "                  price  bedrooms  bathrooms  sqft_living  sqft_lot    floors  \\\n",
       "price          1.000000  0.315961   0.525915     0.701929  0.089879  0.256820   \n",
       "bedrooms       0.315961  1.000000   0.527870     0.593178  0.033602  0.183707   \n",
       "bathrooms      0.525915  0.527870   1.000000     0.755755  0.088368  0.502574   \n",
       "sqft_living    0.701929  0.593178   0.755755     1.000000  0.173449  0.353941   \n",
       "sqft_lot       0.089879  0.033602   0.088368     0.173449  1.000000 -0.004824   \n",
       "floors         0.256820  0.183707   0.502574     0.353941 -0.004824  1.000000   \n",
       "waterfront     0.264308 -0.002054   0.063628     0.104635  0.021458  0.020794   \n",
       "condition      0.036031  0.023440  -0.126443    -0.059397 -0.008806 -0.264013   \n",
       "grade          0.667964  0.366174   0.665834     0.762776  0.114726  0.458783   \n",
       "sqft_above     0.605392  0.492543   0.686664     0.876448  0.184134  0.523970   \n",
       "sqft_basement  0.321103  0.303517   0.278504     0.428683  0.015038 -0.241845   \n",
       "yr_built       0.053965  0.160736   0.507166     0.318140  0.052939  0.489175   \n",
       "yr_renovated   0.117858  0.018626   0.047173     0.051056  0.004977  0.003785   \n",
       "zipcode       -0.053409 -0.158588  -0.204778    -0.199793 -0.129582 -0.059522   \n",
       "\n",
       "               waterfront  condition     grade  sqft_above  sqft_basement  \\\n",
       "price            0.264308   0.036031  0.667964    0.605392       0.321103   \n",
       "bedrooms        -0.002054   0.023440  0.366174    0.492543       0.303517   \n",
       "bathrooms        0.063628  -0.126443  0.665834    0.686664       0.278504   \n",
       "sqft_living      0.104635  -0.059397  0.762776    0.876448       0.428683   \n",
       "sqft_lot         0.021458  -0.008806  0.114726    0.184134       0.015038   \n",
       "floors           0.020794  -0.264013  0.458783    0.523970      -0.241845   \n",
       "waterfront       1.000000   0.016659  0.082817    0.071776       0.083053   \n",
       "condition        0.016659   1.000000 -0.146854   -0.158826       0.168431   \n",
       "grade            0.082817  -0.146854  1.000000    0.756069       0.165863   \n",
       "sqft_above       0.071776  -0.158826  0.756069    1.000000      -0.051149   \n",
       "sqft_basement    0.083053   0.168431  0.165863   -0.051149       1.000000   \n",
       "yr_built        -0.024491  -0.361555  0.447854    0.424017      -0.130063   \n",
       "yr_renovated     0.073938  -0.055795  0.015618    0.020637       0.065014   \n",
       "zipcode          0.028925   0.002835 -0.185761   -0.261557       0.073257   \n",
       "\n",
       "               yr_built  yr_renovated   zipcode  \n",
       "price          0.053965      0.117858 -0.053409  \n",
       "bedrooms       0.160736      0.018626 -0.158588  \n",
       "bathrooms      0.507166      0.047173 -0.204778  \n",
       "sqft_living    0.318140      0.051056 -0.199793  \n",
       "sqft_lot       0.052939      0.004977 -0.129582  \n",
       "floors         0.489175      0.003785 -0.059522  \n",
       "waterfront    -0.024491      0.073938  0.028925  \n",
       "condition     -0.361555     -0.055795  0.002835  \n",
       "grade          0.447854      0.015618 -0.185761  \n",
       "sqft_above     0.424017      0.020637 -0.261557  \n",
       "sqft_basement -0.130063      0.065014  0.073257  \n",
       "yr_built       1.000000     -0.202565 -0.347199  \n",
       "yr_renovated  -0.202565      1.000000  0.062402  \n",
       "zipcode       -0.347199      0.062402  1.000000  "
      ]
     },
     "execution_count": 35,
     "metadata": {},
     "output_type": "execute_result"
    }
   ],
   "source": [
    "df.corr()"
   ]
  },
  {
   "cell_type": "code",
   "execution_count": 36,
   "metadata": {
    "scrolled": true
   },
   "outputs": [
    {
     "data": {
      "text/plain": [
       "Index(['date', 'price', 'bedrooms', 'bathrooms', 'sqft_living', 'sqft_lot',\n",
       "       'floors', 'waterfront', 'condition', 'grade', 'sqft_above',\n",
       "       'sqft_basement', 'yr_built', 'yr_renovated', 'zipcode'],\n",
       "      dtype='object')"
      ]
     },
     "execution_count": 36,
     "metadata": {},
     "output_type": "execute_result"
    }
   ],
   "source": [
    "df.columns"
   ]
  },
  {
   "cell_type": "code",
   "execution_count": 37,
   "metadata": {},
   "outputs": [
    {
     "data": {
      "text/html": [
       "<div>\n",
       "<style scoped>\n",
       "    .dataframe tbody tr th:only-of-type {\n",
       "        vertical-align: middle;\n",
       "    }\n",
       "\n",
       "    .dataframe tbody tr th {\n",
       "        vertical-align: top;\n",
       "    }\n",
       "\n",
       "    .dataframe thead th {\n",
       "        text-align: right;\n",
       "    }\n",
       "</style>\n",
       "<table border=\"1\" class=\"dataframe\">\n",
       "  <thead>\n",
       "    <tr style=\"text-align: right;\">\n",
       "      <th></th>\n",
       "      <th>price</th>\n",
       "      <th>condition</th>\n",
       "      <th>grade</th>\n",
       "      <th>yr_built</th>\n",
       "      <th>yr_renovated</th>\n",
       "    </tr>\n",
       "  </thead>\n",
       "  <tbody>\n",
       "    <tr>\n",
       "      <td>price</td>\n",
       "      <td>1.000000</td>\n",
       "      <td>0.036031</td>\n",
       "      <td>0.667964</td>\n",
       "      <td>0.053965</td>\n",
       "      <td>0.117858</td>\n",
       "    </tr>\n",
       "    <tr>\n",
       "      <td>condition</td>\n",
       "      <td>0.036031</td>\n",
       "      <td>1.000000</td>\n",
       "      <td>-0.146854</td>\n",
       "      <td>-0.361555</td>\n",
       "      <td>-0.055795</td>\n",
       "    </tr>\n",
       "    <tr>\n",
       "      <td>grade</td>\n",
       "      <td>0.667964</td>\n",
       "      <td>-0.146854</td>\n",
       "      <td>1.000000</td>\n",
       "      <td>0.447854</td>\n",
       "      <td>0.015618</td>\n",
       "    </tr>\n",
       "    <tr>\n",
       "      <td>yr_built</td>\n",
       "      <td>0.053965</td>\n",
       "      <td>-0.361555</td>\n",
       "      <td>0.447854</td>\n",
       "      <td>1.000000</td>\n",
       "      <td>-0.202565</td>\n",
       "    </tr>\n",
       "    <tr>\n",
       "      <td>yr_renovated</td>\n",
       "      <td>0.117858</td>\n",
       "      <td>-0.055795</td>\n",
       "      <td>0.015618</td>\n",
       "      <td>-0.202565</td>\n",
       "      <td>1.000000</td>\n",
       "    </tr>\n",
       "  </tbody>\n",
       "</table>\n",
       "</div>"
      ],
      "text/plain": [
       "                 price  condition     grade  yr_built  yr_renovated\n",
       "price         1.000000   0.036031  0.667964  0.053965      0.117858\n",
       "condition     0.036031   1.000000 -0.146854 -0.361555     -0.055795\n",
       "grade         0.667964  -0.146854  1.000000  0.447854      0.015618\n",
       "yr_built      0.053965  -0.361555  0.447854  1.000000     -0.202565\n",
       "yr_renovated  0.117858  -0.055795  0.015618 -0.202565      1.000000"
      ]
     },
     "execution_count": 37,
     "metadata": {},
     "output_type": "execute_result"
    }
   ],
   "source": [
    "q3_var = [ 'price', 'condition', 'grade', 'yr_built', 'yr_renovated']\n",
    "q3_df = df[q3_var]\n",
    "q3_df.corr()"
   ]
  },
  {
   "cell_type": "code",
   "execution_count": 38,
   "metadata": {},
   "outputs": [
    {
     "data": {
      "text/plain": [
       "yr_built\n",
       "1900    6.873563\n",
       "1901    7.034483\n",
       "1902    7.444444\n",
       "1903    6.869565\n",
       "1904    6.911111\n",
       "Name: grade, dtype: float64"
      ]
     },
     "execution_count": 38,
     "metadata": {},
     "output_type": "execute_result"
    }
   ],
   "source": [
    "#Grade vs Yr_Built \n",
    "\n",
    "grade_build = df.groupby('yr_built')['grade'].mean()\n",
    "grade_build.head()"
   ]
  },
  {
   "cell_type": "code",
   "execution_count": 40,
   "metadata": {
    "scrolled": true
   },
   "outputs": [
    {
     "data": {
      "text/plain": [
       "Text(0, 0.5, 'Grade')"
      ]
     },
     "execution_count": 40,
     "metadata": {},
     "output_type": "execute_result"
    },
    {
     "data": {
