{
 "cells": [
  {
   "cell_type": "markdown",
   "metadata": {},
   "source": [
    "## Question 3: What is the relationship between yr_built vs grade? \n",
    "### At What Age is Considered \"Desirablely Old\"?"
   ]
  },
  {
   "cell_type": "code",
   "execution_count": 2,
   "metadata": {},
   "outputs": [],
   "source": [
    "import numpy as np\n",
    "import pandas as pd\n",
    "import seaborn as sns\n",
    "import matplotlib.pyplot as plt\n",
    "%matplotlib inline"
   ]
  },
  {
   "cell_type": "code",
   "execution_count": 21,
   "metadata": {},
   "outputs": [
    {
     "data": {
      "text/html": [
       "<div>\n",
       "<style scoped>\n",
       "    .dataframe tbody tr th:only-of-type {\n",
       "        vertical-align: middle;\n",
       "    }\n",
       "\n",
       "    .dataframe tbody tr th {\n",
       "        vertical-align: top;\n",
       "    }\n",
       "\n",
       "    .dataframe thead th {\n",
       "        text-align: right;\n",
       "    }\n",
       "</style>\n",
       "<table border=\"1\" class=\"dataframe\">\n",
       "  <thead>\n",
       "    <tr style=\"text-align: right;\">\n",
       "      <th></th>\n",
       "      <th>date</th>\n",
       "      <th>price</th>\n",
       "      <th>bedrooms</th>\n",
       "      <th>bathrooms</th>\n",
       "      <th>sqft_living</th>\n",
       "      <th>sqft_lot</th>\n",
       "      <th>floors</th>\n",
       "      <th>waterfront</th>\n",
       "      <th>condition</th>\n",
       "      <th>grade</th>\n",
       "      <th>sqft_above</th>\n",
       "      <th>sqft_basement</th>\n",
       "      <th>yr_built</th>\n",
       "      <th>yr_renovated</th>\n",
       "      <th>zipcode</th>\n",
       "    </tr>\n",
       "  </thead>\n",
       "  <tbody>\n",
       "    <tr>\n",
       "      <td>0</td>\n",
       "      <td>10/13/2014</td>\n",
       "      <td>221900.0</td>\n",
       "      <td>3</td>\n",
       "      <td>1.00</td>\n",
       "      <td>1180</td>\n",
       "      <td>5650</td>\n",
       "      <td>1.0</td>\n",
       "      <td>0.0</td>\n",
       "      <td>3</td>\n",
       "      <td>7</td>\n",
       "      <td>1180</td>\n",
       "      <td>0.0</td>\n",
       "      <td>1955</td>\n",
       "      <td>0.0</td>\n",
       "      <td>98178</td>\n",
       "    </tr>\n",
       "    <tr>\n",
       "      <td>1</td>\n",
       "      <td>12/9/2014</td>\n",
       "      <td>538000.0</td>\n",
       "      <td>3</td>\n",
       "      <td>2.25</td>\n",
       "      <td>2570</td>\n",
       "      <td>7242</td>\n",
       "      <td>2.0</td>\n",
       "      <td>0.0</td>\n",
       "      <td>3</td>\n",
       "      <td>7</td>\n",
       "      <td>2170</td>\n",
       "      <td>400.0</td>\n",
       "      <td>1951</td>\n",
       "      <td>1991.0</td>\n",
       "      <td>98125</td>\n",
       "    </tr>\n",
       "    <tr>\n",
       "      <td>2</td>\n",
       "      <td>2/25/2015</td>\n",
       "      <td>180000.0</td>\n",
       "      <td>2</td>\n",
       "      <td>1.00</td>\n",
       "      <td>770</td>\n",
       "      <td>10000</td>\n",
       "      <td>1.0</td>\n",
       "      <td>0.0</td>\n",
       "      <td>3</td>\n",
       "      <td>6</td>\n",
       "      <td>770</td>\n",
       "      <td>0.0</td>\n",
       "      <td>1933</td>\n",
       "      <td>0.0</td>\n",
       "      <td>98028</td>\n",
       "    </tr>\n",
       "    <tr>\n",
       "      <td>3</td>\n",
       "      <td>12/9/2014</td>\n",
       "      <td>604000.0</td>\n",
       "      <td>4</td>\n",
       "      <td>3.00</td>\n",
       "      <td>1960</td>\n",
       "      <td>5000</td>\n",
       "      <td>1.0</td>\n",
       "      <td>0.0</td>\n",
       "      <td>5</td>\n",
       "      <td>7</td>\n",
       "      <td>1050</td>\n",
       "      <td>910.0</td>\n",
       "      <td>1965</td>\n",
       "      <td>0.0</td>\n",
       "      <td>98136</td>\n",
       "    </tr>\n",
       "    <tr>\n",
       "      <td>4</td>\n",
       "      <td>2/18/2015</td>\n",
       "      <td>510000.0</td>\n",
       "      <td>3</td>\n",
       "      <td>2.00</td>\n",
       "      <td>1680</td>\n",
       "      <td>8080</td>\n",
       "      <td>1.0</td>\n",
       "      <td>0.0</td>\n",
       "      <td>3</td>\n",
       "      <td>8</td>\n",
       "      <td>1680</td>\n",
       "      <td>0.0</td>\n",
       "      <td>1987</td>\n",
       "      <td>0.0</td>\n",
       "      <td>98074</td>\n",
       "    </tr>\n",
       "  </tbody>\n",
       "</table>\n",
       "</div>"
      ],
      "text/plain": [
       "         date     price  bedrooms  bathrooms  sqft_living  sqft_lot  floors  \\\n",
       "0  10/13/2014  221900.0         3       1.00         1180      5650     1.0   \n",
       "1   12/9/2014  538000.0         3       2.25         2570      7242     2.0   \n",
       "2   2/25/2015  180000.0         2       1.00          770     10000     1.0   \n",
       "3   12/9/2014  604000.0         4       3.00         1960      5000     1.0   \n",
       "4   2/18/2015  510000.0         3       2.00         1680      8080     1.0   \n",
       "\n",
       "   waterfront  condition  grade  sqft_above  sqft_basement  yr_built  \\\n",
       "0         0.0          3      7        1180            0.0      1955   \n",
       "1         0.0          3      7        2170          400.0      1951   \n",
       "2         0.0          3      6         770            0.0      1933   \n",
       "3         0.0          5      7        1050          910.0      1965   \n",
       "4         0.0          3      8        1680            0.0      1987   \n",
       "\n",
       "   yr_renovated  zipcode  \n",
       "0           0.0    98178  \n",
       "1        1991.0    98125  \n",
       "2           0.0    98028  \n",
       "3           0.0    98136  \n",
       "4           0.0    98074  "
      ]
     },
     "execution_count": 21,
     "metadata": {},
     "output_type": "execute_result"
    }
   ],
   "source": [
    "data = pd.read_csv('kc_house_data_cleaned.csv')\n",
    "df = pd.DataFrame(data)\n",
    "df.head()"
   ]
  },
  {
   "cell_type": "code",
   "execution_count": 50,
   "metadata": {},
   "outputs": [
    {
     "data": {
      "text/html": [
       "<div>\n",
       "<style scoped>\n",
       "    .dataframe tbody tr th:only-of-type {\n",
       "        vertical-align: middle;\n",
       "    }\n",
       "\n",
       "    .dataframe tbody tr th {\n",
       "        vertical-align: top;\n",
       "    }\n",
       "\n",
       "    .dataframe thead th {\n",
       "        text-align: right;\n",
       "    }\n",
       "</style>\n",
       "<table border=\"1\" class=\"dataframe\">\n",
       "  <thead>\n",
       "    <tr style=\"text-align: right;\">\n",
       "      <th></th>\n",
       "      <th>price</th>\n",
       "      <th>bedrooms</th>\n",
       "      <th>bathrooms</th>\n",
       "      <th>sqft_living</th>\n",
       "      <th>sqft_lot</th>\n",
       "      <th>floors</th>\n",
       "      <th>waterfront</th>\n",
       "      <th>condition</th>\n",
       "      <th>sqft_above</th>\n",
       "      <th>sqft_basement</th>\n",
       "      <th>yr_renovated</th>\n",
       "      <th>zipcode</th>\n",
       "    </tr>\n",
       "  </thead>\n",
       "  <tbody>\n",
       "    <tr>\n",
       "      <td>price</td>\n",
       "      <td>1.000000</td>\n",
       "      <td>0.594361</td>\n",
       "      <td>0.787544</td>\n",
       "      <td>0.893595</td>\n",
       "      <td>0.282848</td>\n",
       "      <td>0.457296</td>\n",
       "      <td>0.338668</td>\n",
       "      <td>0.135547</td>\n",
       "      <td>0.823567</td>\n",
       "      <td>0.704766</td>\n",
       "      <td>0.354098</td>\n",
       "      <td>0.042015</td>\n",
       "    </tr>\n",
       "    <tr>\n",
       "      <td>bedrooms</td>\n",
       "      <td>0.594361</td>\n",
       "      <td>1.000000</td>\n",
       "      <td>0.741538</td>\n",
       "      <td>0.744833</td>\n",
       "      <td>0.081447</td>\n",
       "      <td>0.523557</td>\n",
       "      <td>0.072662</td>\n",
       "      <td>0.142107</td>\n",
       "      <td>0.706068</td>\n",
       "      <td>0.519526</td>\n",
       "      <td>0.205000</td>\n",
       "      <td>-0.065723</td>\n",
       "    </tr>\n",
       "    <tr>\n",
       "      <td>bathrooms</td>\n",
       "      <td>0.787544</td>\n",
       "      <td>0.741538</td>\n",
       "      <td>1.000000</td>\n",
       "      <td>0.916858</td>\n",
       "      <td>0.208304</td>\n",
       "      <td>0.645239</td>\n",
       "      <td>0.164218</td>\n",
       "      <td>0.001075</td>\n",
       "      <td>0.878041</td>\n",
       "      <td>0.612169</td>\n",
       "      <td>0.282226</td>\n",
       "      <td>-0.108692</td>\n",
       "    </tr>\n",
       "    <tr>\n",
       "      <td>sqft_living</td>\n",
       "      <td>0.893595</td>\n",
       "      <td>0.744833</td>\n",
       "      <td>0.916858</td>\n",
       "      <td>1.000000</td>\n",
       "      <td>0.273276</td>\n",
       "      <td>0.578379</td>\n",
       "      <td>0.240537</td>\n",
       "      <td>0.049683</td>\n",
       "      <td>0.955706</td>\n",
       "      <td>0.666485</td>\n",
       "      <td>0.293519</td>\n",
       "      <td>-0.072849</td>\n",
       "    </tr>\n",
       "    <tr>\n",
       "      <td>sqft_lot</td>\n",
       "      <td>0.282848</td>\n",
       "      <td>0.081447</td>\n",
       "      <td>0.208304</td>\n",
       "      <td>0.273276</td>\n",
       "      <td>1.000000</td>\n",
       "      <td>0.068895</td>\n",
       "      <td>0.063285</td>\n",
       "      <td>-0.053200</td>\n",
       "      <td>0.297989</td>\n",
       "      <td>0.110740</td>\n",
       "      <td>0.034445</td>\n",
       "      <td>-0.138407</td>\n",
       "    </tr>\n",
       "    <tr>\n",
       "      <td>floors</td>\n",
       "      <td>0.457296</td>\n",
       "      <td>0.523557</td>\n",
       "      <td>0.645239</td>\n",
       "      <td>0.578379</td>\n",
       "      <td>0.068895</td>\n",
       "      <td>1.000000</td>\n",
       "      <td>0.040011</td>\n",
       "      <td>-0.121418</td>\n",
       "      <td>0.663200</td>\n",
       "      <td>0.149332</td>\n",
       "      <td>0.157196</td>\n",
       "      <td>0.006510</td>\n",
       "    </tr>\n",
       "    <tr>\n",
       "      <td>waterfront</td>\n",
       "      <td>0.338668</td>\n",
       "      <td>0.072662</td>\n",
       "      <td>0.164218</td>\n",
       "      <td>0.240537</td>\n",
       "      <td>0.063285</td>\n",
       "      <td>0.040011</td>\n",
       "      <td>1.000000</td>\n",
       "      <td>-0.020097</td>\n",
       "      <td>0.207054</td>\n",
       "      <td>0.254184</td>\n",
       "      <td>0.153212</td>\n",
       "      <td>0.048462</td>\n",
       "    </tr>\n",
       "    <tr>\n",
       "      <td>condition</td>\n",
       "      <td>0.135547</td>\n",
       "      <td>0.142107</td>\n",
       "      <td>0.001075</td>\n",
       "      <td>0.049683</td>\n",
       "      <td>-0.053200</td>\n",
       "      <td>-0.121418</td>\n",
       "      <td>-0.020097</td>\n",
       "      <td>1.000000</td>\n",
       "      <td>-0.029711</td>\n",
       "      <td>0.245982</td>\n",
       "      <td>0.031744</td>\n",
       "      <td>0.087002</td>\n",
       "    </tr>\n",
       "    <tr>\n",
       "      <td>sqft_above</td>\n",
       "      <td>0.823567</td>\n",
       "      <td>0.706068</td>\n",
       "      <td>0.878041</td>\n",
       "      <td>0.955706</td>\n",
       "      <td>0.297989</td>\n",
       "      <td>0.663200</td>\n",
       "      <td>0.207054</td>\n",
       "      <td>-0.029711</td>\n",
       "      <td>1.000000</td>\n",
       "      <td>0.452258</td>\n",
       "      <td>0.224978</td>\n",
       "      <td>-0.112230</td>\n",
       "    </tr>\n",
       "    <tr>\n",
       "      <td>sqft_basement</td>\n",
       "      <td>0.704766</td>\n",
       "      <td>0.519526</td>\n",
       "      <td>0.612169</td>\n",
       "      <td>0.666485</td>\n",
       "      <td>0.110740</td>\n",
       "      <td>0.149332</td>\n",
       "      <td>0.254184</td>\n",
       "      <td>0.245982</td>\n",
       "      <td>0.452258</td>\n",
       "      <td>1.000000</td>\n",
       "      <td>0.354790</td>\n",
       "      <td>0.086733</td>\n",
       "    </tr>\n",
       "    <tr>\n",
       "      <td>yr_renovated</td>\n",
       "      <td>0.354098</td>\n",
       "      <td>0.205000</td>\n",
       "      <td>0.282226</td>\n",
       "      <td>0.293519</td>\n",
       "      <td>0.034445</td>\n",
       "      <td>0.157196</td>\n",
       "      <td>0.153212</td>\n",
       "      <td>0.031744</td>\n",
       "      <td>0.224978</td>\n",
       "      <td>0.354790</td>\n",
       "      <td>1.000000</td>\n",
       "      <td>0.088121</td>\n",
       "    </tr>\n",
       "    <tr>\n",
       "      <td>zipcode</td>\n",
       "      <td>0.042015</td>\n",
       "      <td>-0.065723</td>\n",
       "      <td>-0.108692</td>\n",
       "      <td>-0.072849</td>\n",
       "      <td>-0.138407</td>\n",
       "      <td>0.006510</td>\n",
       "      <td>0.048462</td>\n",
       "      <td>0.087002</td>\n",
       "      <td>-0.112230</td>\n",
       "      <td>0.086733</td>\n",
       "      <td>0.088121</td>\n",
       "      <td>1.000000</td>\n",
       "    </tr>\n",
       "  </tbody>\n",
       "</table>\n",
       "</div>"
      ],
      "text/plain": [
       "                  price  bedrooms  bathrooms  sqft_living  sqft_lot    floors  \\\n",
       "price          1.000000  0.594361   0.787544     0.893595  0.282848  0.457296   \n",
       "bedrooms       0.594361  1.000000   0.741538     0.744833  0.081447  0.523557   \n",
       "bathrooms      0.787544  0.741538   1.000000     0.916858  0.208304  0.645239   \n",
       "sqft_living    0.893595  0.744833   0.916858     1.000000  0.273276  0.578379   \n",
       "sqft_lot       0.282848  0.081447   0.208304     0.273276  1.000000  0.068895   \n",
       "floors         0.457296  0.523557   0.645239     0.578379  0.068895  1.000000   \n",
       "waterfront     0.338668  0.072662   0.164218     0.240537  0.063285  0.040011   \n",
       "condition      0.135547  0.142107   0.001075     0.049683 -0.053200 -0.121418   \n",
       "sqft_above     0.823567  0.706068   0.878041     0.955706  0.297989  0.663200   \n",
       "sqft_basement  0.704766  0.519526   0.612169     0.666485  0.110740  0.149332   \n",
       "yr_renovated   0.354098  0.205000   0.282226     0.293519  0.034445  0.157196   \n",
       "zipcode        0.042015 -0.065723  -0.108692    -0.072849 -0.138407  0.006510   \n",
       "\n",
       "               waterfront  condition  sqft_above  sqft_basement  yr_renovated  \\\n",
       "price            0.338668   0.135547    0.823567       0.704766      0.354098   \n",
       "bedrooms         0.072662   0.142107    0.706068       0.519526      0.205000   \n",
       "bathrooms        0.164218   0.001075    0.878041       0.612169      0.282226   \n",
       "sqft_living      0.240537   0.049683    0.955706       0.666485      0.293519   \n",
       "sqft_lot         0.063285  -0.053200    0.297989       0.110740      0.034445   \n",
       "floors           0.040011  -0.121418    0.663200       0.149332      0.157196   \n",
       "waterfront       1.000000  -0.020097    0.207054       0.254184      0.153212   \n",
       "condition       -0.020097   1.000000   -0.029711       0.245982      0.031744   \n",
       "sqft_above       0.207054  -0.029711    1.000000       0.452258      0.224978   \n",
       "sqft_basement    0.254184   0.245982    0.452258       1.000000      0.354790   \n",
       "yr_renovated     0.153212   0.031744    0.224978       0.354790      1.000000   \n",
       "zipcode          0.048462   0.087002   -0.112230       0.086733      0.088121   \n",
       "\n",
       "                zipcode  \n",
       "price          0.042015  \n",
       "bedrooms      -0.065723  \n",
       "bathrooms     -0.108692  \n",
       "sqft_living   -0.072849  \n",
       "sqft_lot      -0.138407  \n",
       "floors         0.006510  \n",
       "waterfront     0.048462  \n",
       "condition      0.087002  \n",
       "sqft_above    -0.112230  \n",
       "sqft_basement  0.086733  \n",
       "yr_renovated   0.088121  \n",
       "zipcode        1.000000  "
      ]
     },
     "execution_count": 50,
     "metadata": {},
     "output_type": "execute_result"
    }
   ],
   "source": [
    "df.corr()"
   ]
  },
  {
   "cell_type": "code",
   "execution_count": 28,
   "metadata": {},
   "outputs": [
    {
     "data": {
      "text/plain": [
       "Index(['date', 'price', 'bedrooms', 'bathrooms', 'sqft_living', 'sqft_lot',\n",
       "       'floors', 'waterfront', 'condition', 'grade', 'sqft_above',\n",
       "       'sqft_basement', 'yr_built', 'yr_renovated', 'zipcode'],\n",
       "      dtype='object')"
      ]
     },
     "execution_count": 28,
     "metadata": {},
     "output_type": "execute_result"
    }
   ],
   "source": [
    "df.columns"
   ]
  },
  {
   "cell_type": "code",
   "execution_count": 33,
   "metadata": {},
   "outputs": [
    {
     "data": {
      "text/html": [
       "<div>\n",
       "<style scoped>\n",
       "    .dataframe tbody tr th:only-of-type {\n",
       "        vertical-align: middle;\n",
       "    }\n",
       "\n",
       "    .dataframe tbody tr th {\n",
       "        vertical-align: top;\n",
       "    }\n",
       "\n",
       "    .dataframe thead th {\n",
       "        text-align: right;\n",
       "    }\n",
       "</style>\n",
       "<table border=\"1\" class=\"dataframe\">\n",
       "  <thead>\n",
       "    <tr style=\"text-align: right;\">\n",
       "      <th></th>\n",
       "      <th>price</th>\n",
       "      <th>condition</th>\n",
       "      <th>grade</th>\n",
       "      <th>yr_built</th>\n",
       "      <th>yr_renovated</th>\n",
       "    </tr>\n",
       "  </thead>\n",
       "  <tbody>\n",
       "    <tr>\n",
       "      <td>price</td>\n",
       "      <td>1.000000</td>\n",
       "      <td>0.036031</td>\n",
       "      <td>0.667964</td>\n",
       "      <td>0.053965</td>\n",
       "      <td>0.117858</td>\n",
       "    </tr>\n",
       "    <tr>\n",
       "      <td>condition</td>\n",
       "      <td>0.036031</td>\n",
       "      <td>1.000000</td>\n",
       "      <td>-0.146854</td>\n",
       "      <td>-0.361555</td>\n",
       "      <td>-0.055795</td>\n",
       "    </tr>\n",
       "    <tr>\n",
       "      <td>grade</td>\n",
       "      <td>0.667964</td>\n",
       "      <td>-0.146854</td>\n",
       "      <td>1.000000</td>\n",
       "      <td>0.447854</td>\n",
       "      <td>0.015618</td>\n",
       "    </tr>\n",
       "    <tr>\n",
       "      <td>yr_built</td>\n",
       "      <td>0.053965</td>\n",
       "      <td>-0.361555</td>\n",
       "      <td>0.447854</td>\n",
       "      <td>1.000000</td>\n",
       "      <td>-0.202565</td>\n",
       "    </tr>\n",
       "    <tr>\n",
       "      <td>yr_renovated</td>\n",
       "      <td>0.117858</td>\n",
       "      <td>-0.055795</td>\n",
       "      <td>0.015618</td>\n",
       "      <td>-0.202565</td>\n",
       "      <td>1.000000</td>\n",
       "    </tr>\n",
       "  </tbody>\n",
       "</table>\n",
       "</div>"
      ],
      "text/plain": [
       "                 price  condition     grade  yr_built  yr_renovated\n",
       "price         1.000000   0.036031  0.667964  0.053965      0.117858\n",
       "condition     0.036031   1.000000 -0.146854 -0.361555     -0.055795\n",
       "grade         0.667964  -0.146854  1.000000  0.447854      0.015618\n",
       "yr_built      0.053965  -0.361555  0.447854  1.000000     -0.202565\n",
       "yr_renovated  0.117858  -0.055795  0.015618 -0.202565      1.000000"
      ]
     },
     "execution_count": 33,
     "metadata": {},
     "output_type": "execute_result"
    }
   ],
   "source": [
    "q3_var = [ 'price', 'condition', 'grade', 'yr_built', 'yr_renovated']\n",
    "q3_df = df[q3_var]\n",
    "q3_df.corr()"
   ]
  },
  {
   "cell_type": "code",
   "execution_count": 22,
   "metadata": {},
   "outputs": [
    {
     "data": {
      "text/plain": [
       "yr_built\n",
       "1900    6.873563\n",
       "1901    7.034483\n",
       "1902    7.444444\n",
       "1903    6.869565\n",
       "1904    6.911111\n",
       "Name: grade, dtype: float64"
      ]
     },
     "execution_count": 22,
     "metadata": {},
     "output_type": "execute_result"
    }
   ],
   "source": [
    "#Grade vs Yr_Built- \n",
    "\n",
    "grade_build = df.groupby('yr_built')['grade'].mean()\n",
    "grade_build.head()"
   ]
  },
  {
   "cell_type": "code",
   "execution_count": 37,
   "metadata": {},
   "outputs": [
    {
     "data": {
      "text/plain": [
       "yr_built\n",
       "1900    7.0\n",
       "1901    7.0\n",
       "1902    7.0\n",
       "1903    7.0\n",
       "1904    7.0\n",
       "Name: grade, dtype: float64"
      ]
     },
     "execution_count": 37,
     "metadata": {},
     "output_type": "execute_result"
    }
   ],
   "source": [
    "grade_build = df.groupby('yr_built')['grade'].median()\n",
    "grade_build.head()"
   ]
  },
  {
   "cell_type": "code",
   "execution_count": 23,
   "metadata": {},
   "outputs": [
    {
     "data": {
      "text/plain": [
       "<matplotlib.axes._subplots.AxesSubplot at 0x7ff8a014ba20>"
      ]
     },
     "execution_count": 23,
     "metadata": {},
     "output_type": "execute_result"
    },
    {
     "data": {
